[
  3.89,
  7.92,
  12.10,
  16.50,
  21.00,
  25.70,
  30.60,
  35.70,
  40.90,
  46.40,
  52.10,
  58.00,
  64.20,
  70.50,
  77.20,
  84.00,
  91.20,
  98.60,
  106,
  114,
  123,
  131,
  140,
  150,
  159,
  169,
  180,
  191,
  202,
  214,
  226,
  239,
  252,
  266,
  280,
  295,
  310,
  326,
  342,
  359,
  377,
  396,
  415,
  435,
  456,
  478,
  500,
  523,
  548,
  573,
  599,
  626,
  654,
  684,
  714,
  746,
  779,
  813,
  848,
  885,
  923,
  963,
  1000,
  1050,
  1090,
  1140,
  1190,
  1240,
  1290,
  1340,
  1400,
  1460,
  1520,
  1580,
  1640,
  1710,
  1780,
  1860,
  1930,
  2010,
  2090,
  2180,
  2270,
  2360,
  2450,
  2550,
  2660,
  2760,
  2880,
  2990,
  3110,
  3240,
  3370,
  3500,
  3640,
  3790,
  3940,
  4090,
  4260,
  4430,
  4600,
  4780,
  4970,
  5170,
  5380,
  5590,
  5810,
  6040,
  6280,
  6530,
  6780,
  7050,
  7330,
  7620,
  7920,
  8230,
  8550,
  8890,
  9240,
  9600,
  9980,
  10400,
  10800,
  11200,
  11600,
  12100,
  12600,
  13100,
  13600,
  14100,
  14700,
  15200,
  15800,
  16400,
  17100,
  17800,
  18400,
  19200,
  19900,
  20700
]