[
  0,
  30,
  64,
  102,
  143,
  188,
  237,
  290,
  346,
  406,
  470,
  537,
  608,
  683,
  761,
  843,
  929,
  1019,
  1112,
  1209,
  1310,
  1414,
  1522,
  1634,
  1750,
  1869,
  1992,
  2119,
  2249,
  2383,
  2521,
  2663,
  2808,
  2957,
  3110,
  3266,
  3426,
  3590,
  3758,
  3929,
  4104,
  4283,
  4465,
  4651,
  4841,
  5035,
  5232,
  5433,
  5638,
  5846,
  6058,
  6274,
  6494,
  6717,
  6944,
  7175,
  7409,
  7647,
  7889,
  8135,
  8384,
  8637,
  8894,
  9154,
  9418,
  9686,
  9958,
  10233,
  10512,
  10795,
  11081,
  11371,
  11665,
  11963,
  12264,
  12569,
  12878,
  13190,
  13506,
  13826,
  14149,
  14476,
  14807,
  15142,
  15480,
  15822,
  16168,
  16517,
  16870,
  17227,
  17588,
  17952,
  18320,
  18692,
  19067,
  19446,
  19829,
  20216,
  20606,
  21000,
  21179,
  21366,
  21562,
  21768,
  21983,
  22208,
  22443,
  22689,
  22946,
  23215,
  23496,
  23789,
  24094,
  24413,
  24746,
  25092,
  25453,
  25830,
  26223,
  26631,
  27057,
  27500,
  27961,
  28441,
  28940,
  29460,
  30000,
  30562,
  31146,
  31752,
  32383,
  33039,
  33720,
  34427,
  35161,
  35924,
  36715,
  37537,
  38390,
  39276,
  40194,
  41147,
  42136,
  43161,
  44225,
  45328,
  46471,
  47656,
  48885,
  50160,
  51480,
  52848,
  54266,
  55734,
  57255,
  58832,
  60466,
  62156,
  63907,
  65721,
  67597,
  69540,
  71552,
  73636,
  75791,
  78022,
  80332,
  82719,
  85190,
  87748,
  90396,
  93132,
  95963,
  98893,
  101920,
  105052,
  108292,
  111644,
  115106,
  118687,
  122391,
  126216,
  130172,
  134262,
  138492,
  142859,
  147374,
  152042,
  156861,
  161842,
  166991,
  172313,
  177806,
  183483,
  189350,
  195405,
  201662,
  208127,
  214807,
  221700
]